image_00000 216 269 241 288
image_00001 213 266 245 289
image_00002 210 264 246 290
image_00003 212 260 251 290
image_00004 211 261 258 290
image_00005 210 261 255 292
image_00006 208 260 256 293
image_00007 210 261 251 292
image_00008 209 257 256 290
image_00009 206 259 247 290
image_00010 205 259 248 291
image_00011 205 257 248 292
image_00012 204 259 249 292
image_00013 205 258 254 293
image_00014 201 258 247 292
image_00015 200 255 253 295
image_00016 200 255 256 294
image_00017 206 246 263 292
image_00018 201 246 256 292
image_00019 206 249 264 293
image_00020 203 246 267 294
image_00021 205 247 263 294
image_00022 203 244 264 294
image_00023 202 246 271 297
image_00024 201 247 270 295
image_00025 200 245 269 297
image_00026 204 249 268 296
image_00027 204 251 260 293
image_00028 221 250 269 295
image_00029 201 245 268 294
image_00030 224 244 269 296
image_00031 224 244 267 295
image_00032 224 242 266 300
image_00033 226 247 264 298
image_00034 223 240 271 299
image_00035 226 243 270 299
image_00036 228 246 269 300
image_00037 229 248 270 299
image_00038 230 251 268 297
image_00039 228 242 271 297
image_00040 228 252 272 299
image_00041 230 242 279 297
image_00042 227 244 281 298
image_00043 223 238 280 297
image_00044 223 241 279 297
image_00045 226 244 280 295
image_00046 226 243 283 295
image_00047 223 242 280 294
image_00048 222 241 282 295
image_00049 234 242 282 295
image_00050 241 242 281 271
image_00051 253 238 284 274
image_00052 252 240 284 268
image_00053 255 242 283 266
image_00054 254 240 282 267
image_00055 257 242 280 265
image_00056 254 242 280 265
image_00057 254 241 283 266
image_00058 257 241 278 262
image_00059 259 242 279 263
image_00060 254 242 279 262
image_00061 258 241 274 260
image_00062 257 242 277 263
image_00063 256 241 276 262
